64 192
1 128
1 64

2 1 0 127 128 XOR
2 1 1 126 129 XOR
2 1 2 125 130 XOR
2 1 3 124 131 XOR
2 1 4 123 132 XOR
2 1 5 122 133 XOR
2 1 6 121 134 XOR
2 1 7 120 135 XOR
2 1 8 119 136 XOR
2 1 9 118 137 XOR
2 1 10 117 138 XOR
2 1 11 116 139 XOR
2 1 12 115 140 XOR
2 1 13 114 141 XOR
2 1 14 113 142 XOR
2 1 15 112 143 XOR
2 1 16 111 144 XOR
2 1 17 110 145 XOR
2 1 18 109 146 XOR
2 1 19 108 147 XOR
2 1 20 107 148 XOR
2 1 21 106 149 XOR
2 1 22 105 150 XOR
2 1 23 104 151 XOR
2 1 24 103 152 XOR
2 1 25 102 153 XOR
2 1 26 101 154 XOR
2 1 27 100 155 XOR
2 1 28 99 156 XOR
2 1 29 98 157 XOR
2 1 30 97 158 XOR
2 1 31 96 159 XOR
2 1 32 95 160 XOR
2 1 33 94 161 XOR
2 1 34 93 162 XOR
2 1 35 92 163 XOR
2 1 36 91 164 XOR
2 1 37 90 165 XOR
2 1 38 89 166 XOR
2 1 39 88 167 XOR
2 1 40 87 168 XOR
2 1 41 86 169 XOR
2 1 42 85 170 XOR
2 1 43 84 171 XOR
2 1 44 83 172 XOR
2 1 45 82 173 XOR
2 1 46 81 174 XOR
2 1 47 80 175 XOR
2 1 48 79 176 XOR
2 1 49 78 177 XOR
2 1 50 77 178 XOR
2 1 51 76 179 XOR
2 1 52 75 180 XOR
2 1 53 74 181 XOR
2 1 54 73 182 XOR
2 1 55 72 183 XOR
2 1 56 71 184 XOR
2 1 57 70 185 XOR
2 1 58 69 186 XOR
2 1 59 68 187 XOR
2 1 60 67 188 XOR
2 1 61 66 189 XOR
2 1 62 65 190 XOR
2 1 63 64 191 XOR